400   1   10001  100
401   1   10011  100
500   3   10001  100  10002  100  10003  100
501   3   10011  100  10012  100  10013  100 
402   3   10004  100  10005  100  10006  100 
502   3   10014  100  10015  100  10016  100  
403   1   10007  100
503   1   10017  100
404   1   10008  100
504   1   10018  100
405   4   30001  100  30002  100  30003  100  30004 100
505   4   30011  100  30012  100  30013  100  30014 100
406   3   100001 100 100002 100 100003 100
506   3   110001 100 110002 100 110003 100