3 605 194 100 10 10 3 7 3 7
3 635 194 99 10 10 3 7 3 8
3 595 194 -99 10 10 3 7 3 7
3 685 117 -100 10 10 1 8 2 8
3 700 133 100 10 10 2 8 2 8
3 690 133 -99 10 10 2 8 2 8
3 750 84 -100 10 10 1 9 1 9
3 947 129 101 10 10 2 11 2 11
3 957 129 99 10 10 2 11 2 12
3 899 85 -101 10 10 1 11 1 11
3 1278 193 100 10 10 3 15 3 16
3 1304 193 99 10 10 3 16 3 16
3 1268 193 -99 10 10 3 15 3 15
3 1389 84 -100 10 10 1 17 1 17
3 1697 120 -101 10 10 2 21 2 32
3 1924 120 -101 10 10 2 24 2 24
3 2004 193 101 10 10 3 25 3 25
3 1572 183 -101 10 10 3 19 3 19
3 1682 281 101 10 10 4 21 4 21
3 1692 281 99 10 10 4 21 4 21
3 2028 312 101 10 10 5 25 5 25
3 400 193 50 10 10 3 5 3 5
3 400 193 53 10 10 3 5 3 5
3 1525 82 1001 10 10 1 19 1 19
3 1576 82 1005 10 10 1 19 1 19
3 1605 215 1002 10 10 3 20 3 20
3 1692 281 52 10 10 4 21 4 21
3 200 193 50 10 10 3 2 3 2
3 1000 193 50 10 10 3 12 3 12
3 1660 193 51 10 10 3 20 3 20
3 1614 97 51 10 10 1 20 1 20
3 1960 313 52 10 10 5 24 5 24
3 2036 312 101 10 10 5 25 5 25
3 2046 312 99 10 10 5 25 5 25
3 1925 215 1007 10 10 3 24 3 24
3 1892 183 -101 10 10 3 23 3 23
3 1780 193 101 10 10 3 22 3 22
3 2038 376 54 10 10 6 25 6 25
1 21 170 6 10 15 2 0 3 0
1 80 138 6 10 15 2 1 2 1
1 144 170 6 10 15 2 1 3 1
1 213 138 6 10 15 2 2 2 2
1 272 170 6 10 15 2 3 3 3
1 340 138 6 10 15 2 4 2 4
1 400 170 6 10 15 2 5 3 5
1 467 138 6 10 15 2 5 2 5
1 528 170 6 10 15 2 6 3 6
1 594 138 6 10 15 2 7 2 7
1 654 75 6 10 15 1 8 1 8
1 810 48 6 10 15 0 10 1 10
1 792 170 6 10 15 2 9 2 10
1 792 170 6 10 15 3 9 3 10
1 828 76 6 10 15 1 10 1 10
1 990 105 6 10 15 1 12 2 12
1 1108 168 6 10 15 2 13 3 13
1 1170 168 6 10 15 2 14 3 14
1 1235 168 6 10 15 2 155 3 15
1 1430 72 6 10 15 1 17 1 18
1 1480 40 6 10 15 0 18 0 18
1 2140 75 6 10 15 1 26 1 26
1 2200 105 6 10 15 1 27 2 27
1 2260 69 6 10 15 1 28 1 28
1 2342 172 6 10 15 2 29 3 29
1 2455 172 6 10 15 2 30 3 30
1 2420 140 6 10 15 2 30 2 30
1 2515 140 6 10 15 2 31 2 31
1 2585 172 6 10 15 2 32 3 32
1 2710 140 6 10 15 2 33 2 34
1 1612 270 6 10 15 4 20 4 20
1 1672 270 6 10 15 4 20 4 21
1 1732 270 6 10 15 4 21 4 21
1 1792 270 6 10 15 4 22 4 22
1 1852 270 6 10 15 4 23 4 23
1 1912 270 6 10 15 4 23 4 24
1 1972 270 6 10 15 4 24 2 24
1 2032 270 6 10 15 4 25 4 25
2 1006 139 0 16 16 2 12 2 12
2 1789 171 1 16 32 2 22 3 22
2 2044 322 3 16 16 5 25 5 25
0 1525 171 1 16 16 2 19 3 19
0 0 203 176 2816 16 3 0 3 35
0 685 139 3 48 16 2 8 2 9
0 750 107 10 160 16 1 9 2 11
0 926 139 5 80 16 2 11 2 12
0 1389 107 17 272 16 1 17 2 20
0 1660 139 3 48 16 2 20 2 21
0 1789 123 6 96 16 2 22 2 23
0 1789 139 4 64 16 2 22 2 23
0 1789 155 4 64 16 2 22 2 23
0 1805 171 3 48 16 2 22 3 23
0 1805 187 3 48 26 3 22 3 23
0 1885 139 3 48 16 2 23 2 24
0 1950 107 13 192 16 1 24 2 26
0 2012 43 2 32 16 0 25 0 25
0 2171 139 11 176 16 2 27 2 29
0 2715 171 2 32 16 2 33 3 34
0 2764 139 3 48 16 2 34 2 35
0 1675 291 2 32 16 4 20 5 21
0 1580 322 14 224 16 5 19 5 22
0 1836 322 2 32 16 5 22 5 23
0 1900 322 9 144 16 5 23 5 25
0 2027 386 2 32 16 6 25 6 25
0 2058 354 2 32 16 5 25 6 26
