10001	734	9 750 40	
10002	709	9 721 40	
10003	680	9 695 40	
10011	81 	9 97 40	
10012	110	9 122 40	
10013	136	9 151 40
10004	754	53 770 84		
10005	706	53 722 84	
10006	656	53 672 84
10014	61 	52 77 84			
10015	109	53 125 84	
10016	159	53 175 84
10007	651	10 667 40
10017	164	10 180 40
10008	651	16 667 40
10018	164    16 180 40	
20001   762   98 777 123
20002   714    96 729 116
20003   667   97 695 106
20011   53    99 69 124
20012   101   96 117 116
20013   135    97 163 105
20101   762   137 777 162
20102   714    135 729 155
20103   667   139 695 146
20111   53    139 69 163
20112   101   136 117 156
20113   135    141 163 147
30001   688   573  705  603
30002   712   573  729  603
30003   735   573  752  603
30004   757   573  774  603
30011   125   573  142  603
30012   101   573  118  603
30013   78    573  95   603
30014   56    573  73   603
		
	