1   10001	725	9 756 40	
1   10002	700	9 731 40	
1   10003	671	9 702 40	
1   10011	70	9 101 41
1   10012	100	9 131 41	
1   10013	129	9 160 41
1   10004	745	52 776 82		
1   10005	697	52 728 82	
1   10006	647	52 678 82
1   10014	54 	52 86  84			
1   10015	102	52 133 84	
1   10016	152	52 183 84
1   10007	642	10 673 40
1   10017	157	10 188 39
1   10008	642	16 673 40
1   10018	157	17 188 41	
1   100001      593    613 624 637
1   100002      549    617 580 641
1   100003      455    618 486 643      
1   110001      207    614 239 638
1   110002      251   618  282 642
1   110003      345    619 377 644   
1   20001   760   98 770 123
1   20002   714    96 729 116
1   20003   672   97 695 106
1   20011   61    99 69 124
1   20012   101   96 117 116
1   20013   135    97 159 105
1   20101   763   137 770 162
1   20102   720    135 736 155
1   20103   672   139 695 146
1   20104   770    180 778 206
1   20105   770    220 778 246
1   20106   770    260 778 286
1   20107   726   178 742 199
1   20108   726   218 742 239
1   20109   726   258 742 279
1   20110   673    182  711 190
1   20111   673    222  711 230
1   20112   673   262   711 270
1   21101   57    139 67 163
1   21102   95   136 107 157
1   21103   135    139 159 147
1   21104   51   181   61    207
1   21105   51   221   61    247
1   21106   51   261   61    287
1   21107   88   179   104  200
1   21108   88   219   104  240
1   21109   88   259   104  290
1   21110  119   183   160  191
1   21111  119   223   160  231
1   21112  119   263   160  271
1   30001   673   573  704  603
1   30002   700   573  731  603
1   30003   727   573  758  603
1   30004   751   573  782  603
1   30011   133   573  161  603
1   30012   105   573  136  603
1   30013   76    573  107  603
1   30014   48    573  79   603
1   11111   0    0  0  0
2   90001    0      0  32    32
3   90002 47 25 64 56
3   90003 74 25 91 56
4   99999 176 39 194 49
5   99998 176 59 194 69
6   99997 123  58 136 68
7   99996 126 39 134 47
8   99995  43 42 61 60
9   11000 223 38  241 53
9   11001 223 62  241 77
9   11002 223 88  241 103
9   11003 223 112 241 127
10 0 0 0 0 0
		
	